scrap

0,  128, 32, 160, 16, 144, 48, 176, 64, 192,
8,  136, 40, 168, 24, 152, 56, 184, 72, 200,
2,  130, 34, 162, 18, 146, 50, 178, 66, 194,
10, 138, 42, 170, 26, 154, 58, 186, 74, 202,
1,  129, 33, 161, 17, 145, 49, 177, 65, 193,
9,  137, 41, 169, 25, 153, 57, 185, 73, 201,
3,  131, 35, 163, 19, 147, 51, 179, 67, 195,
11, 139, 43, 171, 27, 155, 59, 187, 75, 203,
4,  132, 36, 164, 20, 148, 52, 180, 68, 196,
12, 140, 44, 172, 28, 156, 60, 188, 76, 204


byte bcd[100] = { 0, 128, 32, 160, 16, 144, 48, 176, 64, 192,  // 00 01 02 03 04 05 06 07 08 09
                  8, 136, 40, 168, 24, 152, 56, 184, 72, 200,  // 10 11 12 13 14 15 16 17 18 19
                  2, 130, 34, 162, 18, 146, 50, 178, 66, 194,  // 20 21 22 23 24 25 26 27 28 29
                 10, 138, 42, 170, 26, 154, 58, 186, 74, 202,  // 30 31 32 33 34 35 36 37 38 39
                  1, 129, 33, 161, 17, 145, 49, 177, 65, 193,  // 40 41 42 43 44 45 46 47 48 49
                  9, 137, 41, 169, 25, 153, 57, 185, 73, 201,  // 50 51 52 53 54 55 56 57 58 59
                  3, 131, 35, 163, 19, 147, 51, 179, 67, 195,  // 60 61 62 63 64 65 66 67 68 69
                 11, 139, 43, 171, 27, 155, 59, 187, 75, 203,  // 70 71 72 73 74 75 76 77 78 79
                  4, 132, 36, 164, 20, 148, 52, 180, 68, 196,  // 80 81 82 83 84 85 86 87 88 89
                 12, 140, 44, 172, 28, 156, 60, 188, 76, 204}; // 90 91 92 93 94 95 96 97 98 99

byte bcd_ones_only[10] = { 15, 143,  47, 175,  31, 159,  63, 191,  79, 207}; // -0 -1 -2 -3 -4 -5 -6 -7 -8 -9
byte bcd_tens_only[10] = {240, 248, 242, 250, 241, 249, 243, 251, 244, 252}; // 0- 1- 2- 3- 4- 5- 6- 7- 8- 9-
